     074862.781202881481 77165.173416155638 78937.129849913792 80633.363044508238 80856.734333228189 82001.627245244832 82209.264358567132 83251.283873677836 83499.620751738359 83766.320178933674 84060.830156170225 84442.291411422848 84536.948009456348 85214.486086586709 85576.745840667310 85792.978551059685 86420.392340351929 86630.716214588116
    3067803.627617512830 71082.486934870045 71978.171273058164 74614.776875529220 74850.608340350562 75903.363236773337 76366.935962029413 77818.342956468565 77957.950823973137 78085.064273794269 78254.396268244469 78550.760916599989 79029.748758992238 79091.600710794097 79912.056527796565 80471.927952294311 81077.192488203698 81699.516418082363
    6060794.434293831859 63779.803632128089 65601.653875621851 66147.133388821836 68174.246953723050 68716.664733588696 70313.052739050356 70773.279859577917 71631.931248865687 72446.205473555936 72460.420376617374 72985.488410424368 73547.590964900344 74246.016266227729 74860.408110505450 75428.816046448337 75875.797223041358 76102.392445925958
    9035330.555442764962 54103.812395339199 56237.716999930024 60731.911673577502 61978.615335284718 62907.106826896794 62977.304205235356 64304.702102839277 65115.450339097340 65786.585145226200 66521.051820582245 66862.206619444943 67328.851314201340 67579.535073257357 68801.296026432421 69509.258370579177 69983.467165492490 70015.040254612410
   12045261.799244517773 48725.988156577128 50397.127393146773 55507.828232698826 57930.691563758526 58336.275026973723 59385.857675927087 60023.546834446155 60110.833177697583 62070.232955309366 62396.906525484104 63137.275369042633 64125.772886999017 65279.526083534001 65449.693316114957 66308.794698068959 66325.352892355077 66793.833962694072
   15041435.259077700379 44047.317575787594 45643.776527065565 50936.791831233604 53890.801038555946 54768.410573001711 55665.646663822066 56890.551021560932 58186.452272131894 58277.637152323419 59035.597614321239 61346.778245419941 61601.149106845201 62524.862236374691 62737.999617522313 63233.921014935782 63685.309530905215 64050.561700659302
   18040484.975051121481 41974.367686809994 42092.122337666253 47296.930719519791 50099.581325581814 51809.264703908659 52153.750866364629 54613.669404872242 54762.359332290565 55178.514500762925 57723.460483539566 58498.340861688703 59766.682643650864 60250.261638667507 60793.222695310782 61024.505477289866 61778.727748727943 61935.476634548031
   21038298.679181862048 39823.764932990081 43410.226684605768 44673.232417990665 47174.004451570887 49033.028626690022 50025.141609263614 51998.462925107269 52723.167938975959 53327.127199326838 54538.515333731193 57756.269981585014 58354.714865645117 58526.312866662993 58783.262367696880 59089.820491565799 59427.468233987514 59734.276030604844
   24037092.590293765490 38548.439146852281 42692.489628956071 45021.978203956409 45086.182675015414 46947.515389723798 48570.216165320060 49925.355431920587 50493.298588528232 52000.014917149769 52676.912425788643 55429.357878949129 57137.962446816899 57274.790609843796 57512.478473207404 57592.664592172623 57922.294433949995 58271.526501232940
   27036245.443196942440 37720.317931277445 40833.395879862299 43489.780669133710 45257.598464778654 46873.827222051688 47519.130680947717 48321.621262172281 48910.516083856281 50713.787610327556 52141.323933694875 53518.662880659431 55437.816335397300 55724.590888581224 55907.084380769295 56353.638124801291 56710.909518679160 56918.736776396014
   30035387.389927748394 36887.661340688741 38966.034620541905 42110.766639628666 43601.426423934136 45031.432674274409 46701.187942826393 46844.642962749800 48855.628875534552 51412.409949471388 51837.983339158964 52508.007003255538 53790.268527938599 54029.480540900237 54375.995594140099 55259.943896460347 55340.748946025044 55660.492270417380
   33034393.192778847741 35897.263580618928 37492.348225282716 40791.740701648363 42085.496094902242 43506.990387920618 45419.141615944558 45608.373502802686 47563.070339960956 50292.869905359381 50432.597740654644 52147.611074207103 52291.835748984078 52787.843715171824 53037.991240729410 53919.112016935869 53942.810984197298 54385.101224891579
   36033203.963662169896 34682.314115105168 36624.386712296153 39475.150949265459 40824.924926501320 42192.387122152722 43949.662231734146 44377.504841128277 46138.790880925088 48789.623277816441 49126.628298461503 50518.515055291566 50770.537500923179 51279.320913354284 52330.318270014664 52454.651363851452 52697.023930551550 53056.833983469616
   39031806.237914430334 33222.062649961721 35820.330040157671 38123.830686064161 39645.423823134151 41077.695689942579 42382.928791199971 43021.710402238903 44612.596439655536 47256.045374109046 47492.484308919411 48759.847296404572 49214.170526157046 49657.245347258809 50867.051543541449 50929.215840661403 51341.816835003701 51608.791281440703
   42030240.893462771506 31594.802186240573 34552.834523341393 36656.670296879325 38242.374287471168 39935.255379157970 40699.762604453928 41625.289408524208 43017.455449699381 45583.726770563379 45619.086024346681 46856.713367905890 47528.406701177155 47942.102087444589 49135.417310518547 49304.045000618717 49829.537736229671 49963.177267888219
   45028557.152118372633 29876.307661485149 32916.401552609634 35038.223996552624 36643.448078674352 38383.064451267368 38905.918501593631 40198.846411394399 41375.886208562944 43551.120134099052 43776.768390061974 44820.204650186133 45632.664738894971 46160.516357147440 47200.969725978648 47545.674409343723 48025.700738662592 48193.425188368295
   48026807.514544153732 28119.285930714468 31090.194203106508 33304.323750325602 34936.707013800835 36511.478976683160 37037.190829040686 38599.009906390027 39667.014000679548 41382.460983575518 41853.870951400539 42703.756120129539 43544.908442853077 44309.018182876651 45105.094249874339 45624.548579572082 45998.038392793693 46218.858606310838
   51025028.491882299895 26349.053672124963 29177.018022339449 31492.870535122889 33158.517482680836 34486.641958800086 35111.152695702825 36788.634862494895 37891.662974893021 39138.902269083097 39851.418024136095 40521.882628432431 41307.494176178603 42357.948889573985 42879.234272848647 43548.530037999662 43857.643491920448 44056.838386382144
   54023247.798557365113 24580.762400563002 27228.786241016838 29630.920448642886 31321.877652008468 32386.660368535482 33138.975016659999 34812.318497200649 36039.314184535440 36850.820936930519 37774.932683618128 38283.971200554741 38945.984394543309 40262.297930964327 40569.879222864358 41317.768893362998 41642.409448833328 41747.576519921284
   57021484.766527794636 22821.888422895638 25276.740624261995 27743.643219630143 29436.626056384128 30249.715703916823 31136.241308425750 32732.117442025163 34092.578696992925 34536.258727622895 35635.200877203948 36010.105071335369 36488.368302766728 37922.166745209492 38301.556697566346 38966.472462841215 39276.510563034644 39396.792264122989
   60019740.109313638739 21073.778019704656 23337.085733214855 25849.764909166584 27522.522940651230 28111.601891657599 29123.097619891931 30604.228703371573 32070.856195391112 32181.734652623811 33449.444430120428 33723.681608288127 33975.676037978395 35408.509535536119 36073.614197504103 36516.802179186219 36751.138995872068 37053.178920403865
   63018035.848006021137 19358.800142844088 21436.682729086773 23972.538863199417 25590.839359897262 26011.043098399266 27117.359825324525 28465.775794245274 29797.432081685667 30019.768669331796 31225.528173950144 31345.377430904929 31551.050781806938 32830.479860128456 33824.869666416642 33990.322074801559 34180.150479705451 34677.796630877390
   66016419.785798705008 17710.443899031394 19610.474847612717 22139.637409344810 23628.058145374354 23978.370582694559 25133.949681569138 26337.901001459737 27490.330916887695 27914.475342408197 28794.577773533787 28981.136816128150 29320.491380603798 30221.808406697332 31455.279478816174 31531.663564740873 31666.922779180404 32257.379609237021
   69014893.174630258458 16142.315637699563 17874.558928577451 20371.012502900474 21658.682843193943 22061.133357136652 23204.052381238129 24263.312477979413 25246.561002440791 25751.146237508510 26278.118068938209 26756.262425226440 27160.504057375842 27641.660666533629 28948.998222641632 29202.778787556123 29250.050942723956 29846.645205316847
   72013475.789640653134 14673.998388276368 16254.030232611236 18702.571744066394 19745.619746777713 20263.316444585314 21366.093290690813 22286.643642364936 23092.273342381122 23563.078295319792 23905.027777931049 24620.486368192614 25092.486270177036 25159.627234246218 26514.882273428306 26851.193782580736 26980.213816551026 27488.437247765876
   75012189.726079414402 13333.706068872141 14775.120661722465 17161.685506181344 17946.229520485413 18597.314111348773 19654.199784457938 20443.641961142141 21067.172152156552 21360.143206309152 21749.814412990607 22609.918810588752 22804.865787720712 23171.175924712476 24210.212046047167 24620.257642193530 24791.551783830178 25231.698832656792
   78011053.055066510335 12145.106751172556 13460.205787987634 15774.849739534769 16303.119916797536 17087.902305758849 18101.886863938631 18768.882876393345 19181.272827187080 19308.491048313826 19774.214266269919 20637.417959641683 20790.546155478904 21399.361612468318 22080.807942248575 22556.009651846867 22717.125357184232 23040.634257859798
   81010084.743655968907 11133.783701997305 12330.631926904818 14561.289501007435 14848.176268135079 15761.101119830177 16733.376643758023 17287.087306467474 17367.122897256664 17618.652103495609 17981.274964680422 18724.137751817314 19145.738336051596 19815.485177992847 20180.105371946709 20704.477601642709 20735.093136098429 20906.384098714341
   840 9297.266316704712 10317.573410531124 11402.617436847217 13525.833403427767 13617.070684769984 14642.539593085898 15565.966189410390 15759.265597749793 16020.571273623960 16243.276548524665 16416.737838557954 17064.022344798675 17725.215213684711 18439.059416906253 18552.643889684798 18810.278180587557 19121.747904393666 19186.917948245788
   870 8689.249936624694  9692.224092251958 10674.998050411534 12567.504859017045 12724.949707115022 13741.405567585343 14401.949245381660 14636.766543450045 14964.188815700227 15117.183923633433 15152.714723021692 15665.254868629796 16543.576162535192 17167.325301126162 17215.736892977744 17286.761855867535 17742.665565638006 17813.104642798073
   900 8246.125400276796  9238.992466671580 10136.012975461848 11775.150102417270 12086.978641489824 13059.259972060943 13352.303997704148 13911.345384512901 14026.854146550932 14208.309766581147 14314.281252351215 14548.710141021911 15614.543817857166 15858.717712572041 16161.612990336131 16365.052687165173 16581.263245589551 16772.198816937078
   930 7943.964041294419  8929.375488887232  9759.387297275609 11185.320366666690 11625.478931800424 12547.295895919664 12591.462891321040 13247.434719445562 13388.034896466846 13583.629360278639 13701.205932420035 13725.784843851703 14867.064972439914 14918.664877917830 15370.802187965310 15608.326610040865 15730.589966604224 15985.063456968281
   960 7749.171645336694  8726.945668274508  9507.789403965256 10763.123427716651 11304.455620705206 11998.151092816794 12241.582097692097 12654.860165191916 13023.848890411515 13053.321415759001 13199.558273914943 13304.542536955732 14144.547903845107 14413.850619611452 14800.356904026117 14942.213864255098 15188.804077641918 15409.913692402826
   990 7631.170163828664  8601.082710945291  9347.577142782693 10473.114431561457 11090.480263996686 11607.113809500506 12017.423971890537 12213.586330813641 12639.816615506616 12785.623022052629 12895.074659030068 13042.386422488786 13632.383822446636 14055.544686907086 14407.096357481647 14431.131703705631 14775.500978305394 14817.529416075511
  1020 7501.827157279840  8447.036966895215  9146.626340694766 10061.489038846888 10831.157133322622 11103.315409451854 11432.049912412829 11743.290854817960 12125.507261421488 12480.885227318531 12514.977741348834 12739.756889462980 12993.189508479443 13341.144715423508 13602.640424394247 13705.332876178451 13893.421891663096 14307.356859114741
  1050 7454.735108006089  8394.835795229632  9071.162638170734  9893.784885728459 10709.288436983221 10873.010946143466 11042.612914763557 11624.458545773929 11902.639256557013 12304.740104373663 12380.340276903744 12407.431714538636 12612.700410382105 12671.292177623609 13292.430130409673 13320.934179119640 13506.806638753342 13611.277466375646
  1080 7445.528306666776  8386.189600184594  9053.771243472767  9849.074704424931 10686.846072189941 10833.717382036442 10953.890601091001 11599.222490900931 11829.191041823382 12251.184415434276 12320.773646312595 12344.462424621786 12532.144474047756 12581.491295968854 13142.195669149229 13246.602869051459 13321.827052923578 13570.977229040283
  1110 7442.008815967979  8382.969031195258  9049.893380876360  9844.377977175474 10681.579161002128 10825.263748316464 10943.328771006618 11588.874526646074 11805.404778404552 12238.771678745899 12292.116388574295 12331.667240936731 12513.655852052372 12575.903183655715 13127.723606404843 13232.615022803362 13297.162579902157 13567.003391714177
  1140 7440.237892692970  8381.767514419404  9048.851092399776  9843.798599218018 10680.428342877254 10824.189368372570 10939.349058097851 11585.192236407389 11798.618185385416 12235.325695596848 12286.112374537857 12327.040545276781 12509.574372630255 12574.652593899766 13125.493470454383 13228.256621737246 13291.099522670742 13567.120645393792
  1170 7439.382505962988  8381.317448438376  9048.371595389448  9843.463528211118 10680.316788679200 10824.617416971480 10938.361542617296 11583.698177059629 11796.100658028598 12233.654121438462 12282.410707869827 12325.365038751444 12507.494403175137 12574.534212000368 13124.980980240503 13226.935167052499 13290.858246303793 13568.436949492941
  1200 7438.850457569263  8381.064845859277  9048.166747519101  9843.435557649367 10680.379857365113 10825.119383167503 10938.019294075511 11582.928529929639 11794.993102848246 12232.861574809340 12280.853519418515 12324.494801841902 12506.556443030540 12574.448320711657 13125.223442209515 13226.356571507882 13291.511029165267 13569.302830738499
  1230 7438.526927142628  8380.923496065554  9048.058018122518  9843.434702851322 10680.467692475917 10825.512596005949 10937.946703103884 11582.507751438061 11794.437201377086 12232.415716488984 12279.982655654541 12324.036056971850 12505.999300092861 12574.409348122732 13125.499547247313 13226.105771993187 13292.268569195541 13569.918959036915
  1260 7438.325528172617  8380.838840969483  9047.997813545973  9843.443966162631 10680.538563266124 10825.783043303243 10937.954542289934 11582.264559096926 11794.135811959452 12232.156589838418 12279.488082803642 12323.775242784834 12505.661606768161 12574.382750250170 13125.726968102132 13225.984428348034 13292.868540011124 13570.320403261625
  1290 7438.201241876025  8380.787774428616  9047.963197593230  9843.452450607814 10680.588128538240 10825.958669789272 10937.980499615291 11582.121425395857 11793.965528676124 12232.002981394829 12279.199649571641 12323.623725718973 12505.454196268860 12574.365164150322 13125.887180396068 13225.922841891363 13293.288420985615 13570.575377714573
  1320 7438.125867712746  8380.757195212114  9047.943119278940  9843.458534217023 10680.620231724370 10826.068070603544 10938.004234372949 11582.037172066626 11793.867846133886 12231.912135991330 12279.031109799809 12323.535281003542 12505.328457011119 12574.353882553429 13125.991612634925 13225.890336065306 13293.561319611201 13570.732431635857
  1350 7438.081304350303  8380.739245613180  9047.931564195049  9843.462435851747 10680.639912650997 10826.133704764303 10938.021136684894 11581.988256872468 11793.812017307007 12231.859232576648 12278.933752500607 12323.484201824396 12505.254049011552 12574.346962047308 13126.055900207562 13225.872822333429 13293.729121985280 13570.826113321073
  1380 7438.055762871483  8380.728998836554  9047.925046150387  9843.464771072524 10680.651421205439 10826.171624848275 10938.031791281261 11581.960520641594 11793.780652335525 12231.829181159490 12278.878729613951 12323.455328384574 12505.211367535136 12574.342903175948 13126.093595136250 13225.863349779931 13293.827448026550 13570.880068989462
  1410 7438.041632737049  8380.723342736985  9047.921472303949  9843.466091833616 10680.657858696535 10826.192695320877 10938.037989669667 11581.945269633374 11793.763496107256 12231.812639238171 12278.848532553091 12323.439481024763 12505.187739545783 12574.340628781456 13126.114711600727 13225.858286632023 13293.882518577811 13570.910002512939
  1440 7438.034111468372  8380.720335631861  9047.919579389658  9843.466803459880 10680.661305572115 10826.203936929222 10938.041377414473 11581.937178851485 11793.754420698690 12231.803858643661 12278.832530492087 12323.431082088597 12505.175158337839 12574.339409190366 13126.126028246385 13225.855642666484 13293.912026627591 13570.925958731861
  1470 7438.030269758662  8380.718800625744  9047.918615003564  9843.467169120366 10680.663071603023 10826.209685901473 10938.043131552646 11581.933053492179 11793.749800246555 12231.799380145581 12278.824375971231 12323.426801875754 12505.168730696731 12574.338783922500 13126.131828926216 13225.854305949009 13293.927151165140 13570.934115305521
  1500 7438.028391008989  8380.718050178830  9047.918143994906  9843.467348495229 10680.663936593422 10826.212499077736 10938.043995243237 11581.931037812814 11793.747544374410 12231.797191584861 12278.820392800648 12323.424711080877 12505.165586999041 12574.338477547328 13126.134670728552 13225.853655611803 13293.934560524498 13570.938105723020
  1530 7438.027513240237  8380.717699615989  9047.917924072628  9843.467432421574 10680.664341025053 10826.213813802344 10938.044400084245 11581.930096470354 11793.746491244945 12231.796169427715 12278.818532884463 12323.423734784539 12505.164118155943 12574.338334274595 13126.135999573569 13225.853352529362 13293.938025145811 13570.939970435191
  1560 7438.027122330909  8380.717543505345  9047.917826159410  9843.467469822715 10680.664521197756 10826.214399386519 10938.044580647866 11581.929677330858 11793.746022410027 12231.795714289041 12278.817704797511 12323.423300106851 12505.163463997738 12574.338270441785 13126.136591599232 13225.853217709042 13293.939568691218 13570.940800947103
  1590 7438.026956810236  8380.717477406632  9047.917784705896  9843.467485663688 10680.664597498400 10826.214647351742 10938.044657153103 11581.929499872329 11793.745823925468 12231.795521585716 12278.817354205523 12323.423116074620 12505.163187008722 12574.338243408529 13126.136842320475 13225.853160651810 13293.940222375979 13570.941152619180
  1620 7438.026890375435  8380.717450876607  9047.917768068392  9843.467492022572 10680.664628125414 10826.214746880169 10938.044687868502 11581.929428648096 11793.745744265070 12231.795444242440 12278.817213494896 12323.423042212728 12505.163075832577 12574.338232557351 13126.136942959865 13225.853137755526 13293.940484764706 13570.941293772483
